covariance:
- [0.12955025761671787, -0.010187332736058617, 0.0023057400725153836, 0.003336121114559588,
  0.0020636617166466045, 0.0006345659058624126, -0.00010315486987765467, 0.00043836670360199674,
  0.002429760141889329, 0.008123754576366223, 0.0007848100369959834, 0.005412831898358881,
  0.0011505527655005776, 0.0017749416446328269, -0.001330148816246523, 0.0010912830933402435,
  0.00023218252224370476, -0.001190971195918368, 7.176860716723734e-05, -0.001116344681364617,
  0.00011471233551937893, -0.0010973181158322135, -0.0008653105147214821, -0.000710421238575854,
  -0.0011477913486734332, 0.01781849454870016, -0.0005338662376068227, -0.0007119636447010722,
  0.0005268994991691524]
- [-0.010187332736058617, 0.06683890302264342, 0.003034944188646734, 0.0028751971588356624,
  -0.005289466486370426, 0.004576335452172368, 0.001843953915730933, 0.001520459095053373,
  0.0034602061318887204, -0.001346209247389183, 0.001754078333694338, 0.00385711356061965,
  0.0019771462564552676, 0.0026836888779195912, 0.0062801809986403195, 0.0015848986823293056,
  0.0011027688705071144, 0.005369278574774552, 0.0006004092199220174, 0.0024722667824683,
  0.00046432253751608056, 0.0064679774900859395, 0.002539353515824339, 0.0004942848805595568,
  0.0016912070137036122, 0.002354499125132901, 0.0020491129618005386, 0.0002397318506696066,
  0.0010862476518600872]
- [0.0023057400725153836, 0.003034944188646734, 0.1522658468672694, -0.0035282247195417863,
  0.00335154648256179, 0.005225291167528171, 0.006887310292293049, 0.011766095321742186,
  0.035472544868809595, -0.002003319701696645, 0.03292651911861189, 0.001969820199738762,
  0.03661361648409128, 0.05635034172330608, 0.004714606908028788, 0.03861773030832385,
  0.003020453606940444, 0.00427759445491818, 0.0017676724072748994, 0.002892797140102099,
  0.0015069083356986416, 0.008139346984486573, 0.0037716357883319654, 0.002973561459321121,
  0.008154057372143088, 0.0022053658879072568, 0.01782317872195619, 0.0022812050341533717,
  0.014715164436779286]
- [0.003336121114559588, 0.0028751971588356624, -0.0035282247195417863, 0.793655022946523,
  0.003292364920589551, 0.004797331834215825, 0.003522074550848056, 0.00355883777749562,
  0.009007606258672578, -0.007812001598896335, 0.004347857751728291, 0.001942019588706203,
  0.003718866487359019, 0.0048623424623447774, 0.003981008628221092, 0.0030126518735987553,
  0.18713776510152108, 0.0039760018440980855, 0.11162335306243439, 0.0021846668563096643,
  0.09556920353701401, 0.0070525734827795224, 0.002959304152923212, 0.2134068319562389,
  0.003094544779660657, 0.0039243567823704075, 0.004373219639680076, 0.1737426342687524,
  0.002641157910145106]
- [0.0020636617166466045, -0.005289466486370426, 0.00335154648256179, 0.003292364920589551,
  0.06623400558181167, -0.002062907276390997, 0.002663935258647268, 0.002079750164628413,
  0.0044105330719635205, -0.008201444283862097, 0.002564405363841069, 0.002513055916331892,
  0.0023085732735674738, 0.002917930493727777, 0.005784583432807086, 0.0018652979001547916,
  0.001267778965199825, 0.005307972610172305, 0.0008581911115357362, 0.002468898258856551,
  0.000714621413783853, 0.007068854629283129, 0.002942098511001011, 0.0007909869109087678,
  0.002507414841903631, 0.002838339842853177, 0.002976691185752785, 0.0005738243973903339,
  0.0014239000645236786]
- [0.0006345659058624126, 0.004576335452172368, 0.005225291167528171, 0.004797331834215825,
  -0.002062907276390997, 0.054807474374795134, 0.0023091266970113374, 0.004256989736019227,
  0.009181300405031479, -0.005371376798475413, 0.005051336061255984, 0.0029976535186246422,
  0.004071140502102155, 0.004400145007273027, 0.0074505403044613314, 0.0024217199406569617,
  0.002190548795333381, 0.006734986689461514, 0.0013829870843974368, 0.0035105133335628595,
  0.0010420238897135515, 0.010598692337870011, 0.004868310684722098, 0.0017813047131982464,
  0.004997362761537665, 0.0018733294952786317, 0.006746292911158067, 0.001259521226273443,
  0.0034941984175943424]
- [-0.00010315486987765467, 0.001843953915730933, 0.006887310292293049, 0.003522074550848056,
  0.002663935258647268, 0.0023091266970113374, 0.06288971185835092, -0.001673637921149024,
  0.010951716019002116, -0.003576894411648409, 0.006494980495575466, 0.0008875373296197326,
  0.005370656511206718, 0.0062378289020909436, 0.0035910072072788913, 0.0035798011994493395,
  0.001580409996649457, 0.0033049935775711263, 0.0010003008072108769, 0.0019998591677790212,
  0.0007892827529433065, 0.006819386785793727, 0.0036616025727215285, 0.001590831519076773,
  0.004841935171665373, 0.0005838330586924846, 0.007537337246579091, 0.001235383735574672,
  0.004375156384495854]
- [0.00043836670360199674, 0.001520459095053373, 0.011766095321742186, 0.00355883777749562,
  0.002079750164628413, 0.004256989736019227, -0.001673637921149024, 0.07098098611586237,
  0.010953294732581043, -0.002750737507923682, 0.00865937053522466, 0.000691067838746258,
  0.0075358441055878925, 0.009031168596934942, 0.0026260986564045695, 0.0053964300382238345,
  0.0013920030681115621, 0.0023928164244267267, 0.0008187619071096211, 0.0014798299926385365,
  0.0007343911030331879, 0.005633200306040846, 0.003295067775343036, 0.0012583479082362724,
  0.0049275257038894115, 0.0008173631965505588, 0.008563036552224691, 0.0009728775690141829,
  0.00540079450556047]
- [0.002429760141889329, 0.0034602061318887204, 0.035472544868809595, 0.009007606258672578,
  0.0044105330719635205, 0.009181300405031479, 0.010951716019002116, 0.010953294732581043,
  0.14431076074597188, -0.0029424986329786985, 0.030819995053395877, 0.0014940301698502573,
  0.02877497635699435, 0.03779718660284992, 0.005642823784483887, 0.024269796273066486,
  0.003958305371300513, 0.0053902148223894455, 0.0024838717226516338, 0.00358571030474952,
  0.001963484557052407, 0.01255594136871347, 0.007286044449930016, 0.0038247141395606173,
  0.012473525319475164, 0.0021185484111259766, 0.024077234228669996, 0.0029661727851600303,
  0.017308002962976778]
- [0.008123754576366223, -0.001346209247389183, -0.002003319701696645, -0.007812001598896335,
  -0.008201444283862097, -0.005371376798475413, -0.003576894411648409, -0.002750737507923682,
  -0.0029424986329786985, 0.3593193207033798, 0.00011956625449469833, 0.010621989362636556,
  0.0016198008966795963, 0.0015716164750656251, -0.004263032497186468, 0.0012864600847007296,
  0.0010104554732521733, -0.0029361934480334924, -0.0007001877417727607, -0.004519501193434691,
  -7.096549570952513e-05, -0.00561383618101393, -0.0016490473356623235, 0.002152720562242609,
  -0.003331704534065173, -0.06444590041653817, -0.002556603430129295, 0.0002614135578565393,
  -0.000968432206534017]
- [0.0007848100369959834, 0.001754078333694338, 0.03292651911861189, 0.004347857751728291,
  0.002564405363841069, 0.005051336061255984, 0.006494980495575466, 0.00865937053522466,
  0.030819995053395877, 0.00011956625449469833, 0.13637877343196145, 0.0038241642706018136,
  0.019624085565908764, 0.03734605140969827, 0.008357099886714493, 0.02578760788916519,
  0.0065960789796378535, 0.007003718940134182, 0.002743970863501963, 0.0028038253255305194,
  0.005188332449266729, 0.013095755060579776, 0.0069054738635803475, 0.009432042532641564,
  0.0099783188747398, 0.0020301518201765872, 0.019911235502040693, 0.006940240843167032,
  0.0077902914120775045]
- [0.005412831898358881, 0.00385711356061965, 0.001969820199738762, 0.001942019588706203,
  0.002513055916331892, 0.0029976535186246422, 0.0008875373296197326, 0.000691067838746258,
  0.0014940301698502573, 0.010621989362636556, 0.0038241642706018136, 0.12481186225460036,
  0.00384925062307717, 0.004789470861504073, -0.01851507143122586, 0.003611615330462084,
  0.004186889971572357, 0.012624844377778829, 0.0013806352707147714, 0.0027369731130030494,
  0.0034784036241705344, 0.010550292470874351, 0.004068537655722802, 0.004748611914785843,
  0.0027325243617158865, -0.021610418636653313, 0.0039058935662192327, 0.0031898709888057097,
  0.00296255581607129]
- [0.0011505527655005776, 0.0019771462564552676, 0.03661361648409128, 0.003718866487359019,
  0.0023085732735674738, 0.004071140502102155, 0.005370656511206718, 0.0075358441055878925,
  0.02877497635699435, 0.0016198008966795963, 0.019624085565908764, 0.00384925062307717,
  0.12986107934477664, 0.03514758501625717, 0.007638856697872489, 0.029417286096237828,
  0.005724168244351312, 0.006357500192815289, 0.002161302767889185, 0.002386434922267542,
  0.004462377534287561, 0.01100014841262907, 0.00571626206329006, 0.00909273899752486,
  0.008335175241080506, 0.0014373208317065532, 0.017064811811021027, 0.00672291645887899,
  0.01380662386262211]
- [0.0017749416446328269, 0.0026836888779195912, 0.05635034172330608, 0.0048623424623447774,
  0.002917930493727777, 0.004400145007273027, 0.0062378289020909436, 0.009031168596934942,
  0.03779718660284992, 0.0015716164750656251, 0.03734605140969827, 0.004789470861504073,
  0.03514758501625717, 0.13924279380296495, 0.009191050865673477, 0.03928620738534004,
  0.007223908965662654, 0.007840098870463063, 0.003209840703161326, 0.0033335613823762423,
  0.005393779471415705, 0.0129513624951341, 0.005847967407329554, 0.010359425256743025,
  0.009498028515290094, 0.0024580970558701434, 0.020273877970222134, 0.007964512311360623,
  0.016843093952119918]
- [-0.001330148816246523, 0.0062801809986403195, 0.004714606908028788, 0.003981008628221092,
  0.005784583432807086, 0.0074505403044613314, 0.0035910072072788913, 0.0026260986564045695,
  0.005642823784483887, -0.004263032497186468, 0.008357099886714493, -0.01851507143122586,
  0.007638856697872489, 0.009191050865673477, 0.16313464244731557, 0.007023351537873141,
  0.007541674836061638, -0.015721513847368033, 0.002942925340987422, 0.012140684498036772,
  0.006200599734206954, 0.021242237484292045, 0.009104452741082332, 0.009116282281130901,
  0.007118837648046033, 0.0074037717985364505, 0.009293152366526307, 0.006454056845197416,
  0.00586971213664089]
- [0.0010912830933402435, 0.0015848986823293056, 0.03861773030832385, 0.0030126518735987553,
  0.0018652979001547916, 0.0024217199406569617, 0.0035798011994493395, 0.0053964300382238345,
  0.024269796273066486, 0.0012864600847007296, 0.02578760788916519, 0.003611615330462084,
  0.029417286096237828, 0.03928620738534004, 0.007023351537873141, 0.12159610904251693,
  0.0004934418134149712, 0.005799983503138717, 0.0018574516739106783, 0.0017479728422902488,
  0.004598818419879198, 0.008917653168890913, 0.004174665111591924, 0.010587460449624192,
  0.006012646488122686, 0.0012873057839479667, 0.013020654923394492, 0.007832844729550243,
  0.011246011092320625]
- [0.00023218252224370476, 0.0011027688705071144, 0.003020453606940444, 0.18713776510152108,
  0.001267778965199825, 0.002190548795333381, 0.001580409996649457, 0.0013920030681115621,
  0.003958305371300513, 0.0010104554732521733, 0.0065960789796378535, 0.004186889971572357,
  0.005724168244351312, 0.007223908965662654, 0.007541674836061638, 0.0004934418134149712,
  0.21837919286255802, 0.006190512359022019, 0.07146703232368076, 0.0020715834397974186,
  0.068852209827928, 0.010308573459996594, 0.004667044185353811, 0.1467124350290488,
  0.0040243596513794225, 0.0013059664098915404, 0.0064477556445120205, 0.11897953477053125,
  0.004901222864562657]
- [-0.001190971195918368, 0.005369278574774552, 0.00427759445491818, 0.0039760018440980855,
  0.005307972610172305, 0.006734986689461514, 0.0033049935775711263, 0.0023928164244267267,
  0.0053902148223894455, -0.0029361934480334924, 0.007003718940134182, 0.012624844377778829,
  0.006357500192815289, 0.007840098870463063, -0.015721513847368033, 0.005799983503138717,
  0.006190512359022019, 0.15343202567926717, 0.0029874596589923555, -0.02766843272088334,
  0.004544439493489521, 0.024242823830122166, 0.007362298439032644, 0.007569956211559872,
  0.005963695888691197, 0.0015410006209576354, 0.007537773869910111, 0.005459147543800688,
  0.004375517291813207]
- [7.176860716723734e-05, 0.0006004092199220174, 0.0017676724072748994, 0.11162335306243439,
  0.0008581911115357362, 0.0013829870843974368, 0.0010003008072108769, 0.0008187619071096211,
  0.0024838717226516338, -0.0007001877417727607, 0.002743970863501963, 0.0013806352707147714,
  0.002161302767889185, 0.003209840703161326, 0.002942925340987422, 0.0018574516739106783,
  0.07146703232368076, 0.0029874596589923555, 0.17667448449953507, 0.0013415548251062225,
  0.03602621930025087, 0.004728177347128908, 0.0021919318210248504, 0.0862943627194275,
  0.001969596964152358, 0.001018719815224091, 0.0030124151749227088, 0.07064433701499709,
  0.002317644198981362]
- [-0.001116344681364617, 0.0024722667824683, 0.002892797140102099, 0.0021846668563096643,
  0.002468898258856551, 0.0035105133335628595, 0.0019998591677790212, 0.0014798299926385365,
  0.00358571030474952, -0.004519501193434691, 0.0028038253255305194, 0.0027369731130030494,
  0.002386434922267542, 0.0033335613823762423, 0.012140684498036772, 0.0017479728422902488,
  0.0020715834397974186, -0.02766843272088334, 0.0013415548251062225, 0.16228698850027778,
  0.0010885058264006302, -0.030328122875168072, 0.006274692017303755, 0.0008718784810259713,
  0.0030033652043652895, 0.002275384604904746, 0.003810366436877212, 0.0007288694603349951,
  0.002519097679149868]
- [0.00011471233551937893, 0.00046432253751608056, 0.0015069083356986416, 0.09556920353701401,
  0.000714621413783853, 0.0010420238897135515, 0.0007892827529433065, 0.0007343911030331879,
  0.001963484557052407, -7.096549570952513e-05, 0.005188332449266729, 0.0034784036241705344,
  0.004462377534287561, 0.005393779471415705, 0.006200599734206954, 0.004598818419879198,
  0.068852209827928, 0.004544439493489521, 0.03602621930025087, 0.0010885058264006302,
  0.17576008004178378, 0.007726316851807164, 0.0037390164235715563, 0.10201146473397536,
  0.002974595530137773, 0.0007985777269146294, 0.005131398504134356, 0.0890781517980742,
  0.004575031023435696]
- [-0.0010973181158322135, 0.0064679774900859395, 0.008139346984486573, 0.0070525734827795224,
  0.007068854629283129, 0.010598692337870011, 0.006819386785793727, 0.005633200306040846,
  0.01255594136871347, -0.00561383618101393, 0.013095755060579776, 0.010550292470874351,
  0.01100014841262907, 0.0129513624951341, 0.021242237484292045, 0.008917653168890913,
  0.010308573459996594, 0.024242823830122166, 0.004728177347128908, -0.030328122875168072,
  0.007726316851807164, 0.20913061233147365, -0.008128837093214315, 0.012223444387138203,
  0.01275008055075164, 0.004177541708326992, 0.015648789275448906, 0.008927936472981677,
  0.009194966192392476]
- [-0.0008653105147214821, 0.002539353515824339, 0.0037716357883319654, 0.002959304152923212,
  0.002942098511001011, 0.004868310684722098, 0.0036616025727215285, 0.003295067775343036,
  0.007286044449930016, -0.0016490473356623235, 0.0069054738635803475, 0.004068537655722802,
  0.00571626206329006, 0.005847967407329554, 0.009104452741082332, 0.004174665111591924,
  0.004667044185353811, 0.007362298439032644, 0.0021919318210248504, 0.006274692017303755,
  0.0037390164235715563, -0.008128837093214315, 0.09401113185271368, 0.006219412583624969,
  -0.0012233871467140602, 0.00088279501335529, 0.008897653600985184, 0.004630182908265407,
  0.004950234635579936]
- [-0.000710421238575854, 0.0004942848805595568, 0.002973561459321121, 0.2134068319562389,
  0.0007909869109087678, 0.0017813047131982464, 0.001590831519076773, 0.0012583479082362724,
  0.0038247141395606173, 0.002152720562242609, 0.009432042532641564, 0.004748611914785843,
  0.00909273899752486, 0.010359425256743025, 0.009116282281130901, 0.010587460449624192,
  0.1467124350290488, 0.007569956211559872, 0.0862943627194275, 0.0008718784810259713,
  0.10201146473397536, 0.012223444387138203, 0.006219412583624969, 1.0329463449628307,
  0.00480131687510037, -0.00018410914242224127, 0.00803990950420043, 0.22331032875215845,
  0.005732786667750438]
- [-0.0011477913486734332, 0.0016912070137036122, 0.008154057372143088, 0.003094544779660657,
  0.002507414841903631, 0.004997362761537665, 0.004841935171665373, 0.0049275257038894115,
  0.012473525319475164, -0.003331704534065173, 0.0099783188747398, 0.0027325243617158865,
  0.008335175241080506, 0.009498028515290094, 0.007118837648046033, 0.006012646488122686,
  0.0040243596513794225, 0.005963695888691197, 0.001969596964152358, 0.0030033652043652895,
  0.002974595530137773, 0.01275008055075164, -0.0012233871467140602, 0.00480131687510037,
  0.07612097841379133, 0.001271702578643458, 0.006425706415435797, 0.0037932527871388016,
  0.007186411137559877]
- [0.01781849454870016, 0.002354499125132901, 0.0022053658879072568, 0.0039243567823704075,
  0.002838339842853177, 0.0018733294952786317, 0.0005838330586924846, 0.0008173631965505588,
  0.0021185484111259766, -0.06444590041653817, 0.0020301518201765872, -0.021610418636653313,
  0.0014373208317065532, 0.0024580970558701434, 0.0074037717985364505, 0.0012873057839479667,
  0.0013059664098915404, 0.0015410006209576354, 0.001018719815224091, 0.002275384604904746,
  0.0007985777269146294, 0.004177541708326992, 0.00088279501335529, -0.00018410914242224127,
  0.001271702578643458, 0.14341164725761274, 0.0018148264139517304, 3.5724550000658406e-05,
  0.0017906609039001111]
- [-0.0005338662376068227, 0.0020491129618005386, 0.01782317872195619, 0.004373219639680076,
  0.002976691185752785, 0.006746292911158067, 0.007537337246579091, 0.008563036552224691,
  0.024077234228669996, -0.002556603430129295, 0.019911235502040693, 0.0039058935662192327,
  0.017064811811021027, 0.020273877970222134, 0.009293152366526307, 0.013020654923394492,
  0.0064477556445120205, 0.007537773869910111, 0.0030124151749227088, 0.003810366436877212,
  0.005131398504134356, 0.015648789275448906, 0.008897653600985184, 0.00803990950420043,
  0.006425706415435797, 0.0018148264139517304, 0.10113919681611876, 0.006267954761930877,
  0.007452505808194325]
- [-0.0007119636447010722, 0.0002397318506696066, 0.0022812050341533717, 0.1737426342687524,
  0.0005738243973903339, 0.001259521226273443, 0.001235383735574672, 0.0009728775690141829,
  0.0029661727851600303, 0.0002614135578565393, 0.006940240843167032, 0.0031898709888057097,
  0.00672291645887899, 0.007964512311360623, 0.006454056845197416, 0.007832844729550243,
  0.11897953477053125, 0.005459147543800688, 0.07064433701499709, 0.0007288694603349951,
  0.0890781517980742, 0.008927936472981677, 0.004630182908265407, 0.22331032875215845,
  0.0037932527871388016, 3.5724550000658406e-05, 0.006267954761930877, 3.9665349853966414,
  0.004484278557334032]
- [0.0005268994991691524, 0.0010862476518600872, 0.014715164436779286, 0.002641157910145106,
  0.0014239000645236786, 0.0034941984175943424, 0.004375156384495854, 0.00540079450556047,
  0.017308002962976778, -0.000968432206534017, 0.0077902914120775045, 0.00296255581607129,
  0.01380662386262211, 0.016843093952119918, 0.00586971213664089, 0.011246011092320625,
  0.004901222864562657, 0.004375517291813207, 0.002317644198981362, 0.002519097679149868,
  0.004575031023435696, 0.009194966192392476, 0.004950234635579936, 0.005732786667750438,
  0.007186411137559877, 0.0017906609039001111, 0.007452505808194325, 0.004484278557334032,
  0.11793008917243217]
measured: [1.1690752372777347, 0.9164544755358559, 1.2642435135886876, 2.1389488237836787,
  0.6822899682717267, 0.9275395842938527, 0.667745313096022, 0.6076727070477723, 1.6650141842741606,
  0.7097797326689808, 1.1807493589318714, 1.0436879010483038, 1.0286165119329773,
  1.3250482492922702, 1.5374666643418209, 0.8148982110726601, 1.486174736150173, 1.3257866098773015,
  0.8491261368422158, 0.6716671631831392, 0.7539406418870911, 1.9016826505173468,
  0.7807325575878732, 1.6577469230982542, 0.8388340851455993, 0.8643808319504753,
  1.1655012449501987, 1.3065252247309829, 0.7078566839884104]
measurement: mu_obs
names: [mu_pTHZZ_0_10, mu_pTHZZ_10_20, mu_pTHZZ_120_200, mu_pTHZZ_200_300, mu_pTHZZ_20_30,
  mu_pTHZZ_30_45, mu_pTHZZ_45_60, mu_pTHZZ_60_80, mu_pTHZZ_80_120, mu_pTHyy_0_5, mu_pTHyy_100_120,
  mu_pTHyy_10_15, mu_pTHyy_120_140, mu_pTHyy_140_170, mu_pTHyy_15_20, mu_pTHyy_170_200,
  mu_pTHyy_200_250, mu_pTHyy_20_25, mu_pTHyy_250_300, mu_pTHyy_25_30, mu_pTHyy_300_450,
  mu_pTHyy_30_35, mu_pTHyy_35_45, mu_pTHyy_450_650, mu_pTHyy_45_60, mu_pTHyy_5_10,
  mu_pTHyy_60_80, mu_pTHyy_650_13000, mu_pTHyy_80_100]
sm: [1.0, 1.0, 1.0, 1.0, 1.0, 1.0, 1.0, 1.0, 1.0, 1.0, 1.0, 1.0, 1.0, 1.0, 1.0, 1.0,
  1.0, 1.0, 1.0, 1.0, 1.0, 1.0, 1.0, 1.0, 1.0, 1.0, 1.0, 1.0, 1.0]